AAAAAAA	22	18,807,890
AAAAAAC	28	18,805,770
AAAAAAG	32	18,716,686
AAAAAAT	32	18,754,580
AAAAACA	36	18,802,076
AAAAAGA	29	18,720,199
AAAAATA	15	18,771,312
AAAAATG	34	18,705,710
AAAACAA	32	18,771,164
AAAAGAA	29	18,754,688
AAAAGCA	37	18,726,417
AAAAGTA	34	18,794,504
AAAATAA	22	18,809,253
AAAATAC	20	18,808,934
AAAATCA	28	18,774,809
AAAATGA	24	18,786,644
AAAATTA	23	18,782,574
AAACAAA	27	18,811,906
AAACATA	37	18,694,491
AAACATC	33	18,697,814
AAACCAA	31	18,752,607
AAAGAAA	22	18,795,351
AAAGATA	26	18,704,395
AAAGCAA	27	18,816,017
AAAGTAA	29	18,732,965
AAAGTTA	30	18,785,592
AAATAAA	25	18,808,520
AAATAAC	32	18,755,305
AAATAAT	44	18,713,284
AAATACA	37	18,752,482
AAATAGA	28	18,753,547
AAATATA	28	18,813,136
AAATCAA	22	18,769,457
AAATGAA	27	18,741,293
AAATGCA	37	18,715,120
AAATGTA	35	18,774,016
AAATTAA	24	18,727,193
AAATTCA	32	18,801,013
AAATTGA	37	18,786,393
AAATTTA	31	18,772,458
AACAAAA	37	18,741,468
AACAACA	25	18,759,565
AACAATA	37	18,759,434
AACATAA	34	18,742,135
AACATCA	30	18,794,429
AACATTA	25	18,799,736
AACTAAA	31	18,730,127
AACTTAA	34	18,790,160
AACTTTA	34	18,762,968
AAGAAAA	30	18,765,297
AAGAAGA	36	18,739,089
AAGAATA	35	18,744,888
AAGACAA	31	18,767,951
AAGAGCA	18	18,767,875
AAGAGCG	37	18,679,990
AAGATAA	31	18,764,720
AAGATCG	35	18,727,499
AAGATGA	30	18,783,290
AAGCAAA	41	18,799,124
AAGCAGA	28	18,713,774
AAGTAAA	33	18,756,435
AAGTGAA	42	19,044,635
AAGTTAA	34	18,799,030
AATAAAA	23	18,806,473
AATAAAC	32	18,780,463
AATAAAG	32	18,777,134
AATAAAT	33	18,783,960
AATAACA	43	18,689,143
AATAATA	33	18,788,201
AATACAA	30	18,794,736
AATACCA	36	18,967,666
AATAGAA	36	18,755,756
AATATAA	30	18,689,472
AATATCA	23	18,768,495
AATATGA	36	18,808,068
AATATTA	34	18,789,867
AATCAAA	27	18,802,680
AATCATA	31	18,724,200
AATCTAA	31	18,681,776
AATGAAA	30	18,804,015
AATGACA	35	18,902,711
AATGATA	32	18,796,130
AATGCAA	42	18,867,786
AATGGAA	38	18,684,956
AATGTAA	30	18,793,607
AATGTTA	38	18,779,024
AATTAAA	17	18,788,337
AATTACA	30	18,713,848
AATTAGA	43	18,769,949
AATTATA	34	18,715,150
AATTCAA	30	18,789,886
AATTGAA	34	18,767,612
AATTGCA	25	18,798,556
AATTGTA	40	18,814,203
AATTTAA	21	18,791,466
AATTTCA	33	18,761,661
AATTTGA	31	18,761,441
AATTTTA	24	18,814,778
ACAAAAA	29	18,813,328
ACAAACA	29	18,762,430
ACAAATA	38	18,751,679
ACAACAA	34	18,785,831
ACAATAA	27	18,738,531
ACAATTA	38	19,251,883
ACATAAA	40	18,807,703
ACATCAA	36	18,688,541
ACATTAA	42	18,785,151
ACATTTA	32	18,739,123
ACCTAAA	40	18,803,342
ACTAAAA	25	18,756,093
ACTTAAA	42	18,754,190
ACTTCAA	34	18,804,262
ACTTGAA	36	18,787,675
ACTTTAA	36	18,731,217
AGAAAAA	33	18,815,544
AGAAACA	26	18,815,763
AGAAATA	33	18,713,682
AGAACAA	35	18,808,559
AGAAGAA	33	18,750,437
AGAATTA	35	18,737,584
AGAGCAC	20	18,813,708
AGATAAA	28	18,775,929
AGATCGG	20	18,802,927
AGATGAA	31	18,793,951
AGATTTA	32	18,808,824
AGCAAAA	36	18,731,471
AGCACAC	26	18,722,609
AGCAGAA	29	18,812,102
AGCGTCG	24	18,785,902
AGCTAAA	34	18,768,632
AGGTAAA	48	18,751,282
AGTAAAA	37	18,768,929
AGTACAA	37	18,735,273
AGTTAAA	28	18,742,953
AGTTGAA	31	18,779,959
ATAAAAA	29	18,765,483
ATAAAAC	38	18,771,751
ATAAAAT	36	18,726,064
ATAAACA	32	18,768,757
ATAAAGA	30	18,756,998
ATAAATA	17	18,807,512
ATAACAA	31	18,735,797
ATAAGAA	33	18,815,297
ATAATAA	32	18,797,221
ATAATCA	37	18,731,970
ATAATGA	34	18,793,060
ATAATTA	26	18,865,017
ATACAAA	30	19,532,950
ATACACA	42	18,778,316
ATACCAA	30	18,794,588
ATAGAAA	34	18,800,608
ATAGTAA	32	18,806,843
ATATAAA	28	18,810,599
ATATACA	32	18,770,899
ATATATA	32	18,796,487
ATATCAA	37	18,797,189
ATATGAA	35	18,779,002
ATATTAA	23	18,742,026
ATATTCA	33	18,757,833
ATATTGA	25	18,792,222
ATATTTA	29	18,789,530
ATCAAAA	27	18,765,844
ATCAACA	27	18,812,101
ATCAATA	34	19,214,171
ATCATAA	31	18,769,150
ATCATCA	43	19,797,237
ATCATTA	27	18,803,982
ATCGGAA	1	19,336,611
ATCTAAA	29	18,797,964
ATCTTCA	34	18,797,221
ATCTTTA	42	18,800,898
ATGAAAA	23	18,737,125
ATGAAGA	32	18,688,988
ATGAATA	35	18,717,680
ATGACAA	34	18,730,597
ATGATAA	30	18,725,968
ATGATGA	32	18,773,422
ATGATTA	34	19,004,049
ATGCAAA	35	18,769,549
ATGCCTA	36	18,734,902
ATGGAAA	33	18,807,713
ATGGTAA	35	18,814,956
ATGTAAA	33	18,801,620
ATGTTAA	25	18,794,806
ATGTTGA	33	18,758,975
ATGTTTA	33	18,773,614
ATTAAAA	18	18,814,041
ATTAAAC	34	18,784,715
ATTAAAG	42	18,728,506
ATTAAAT	32	18,742,678
ATTAACA	36	19,595,806
ATTAATA	35	18,778,647
ATTACAA	29	18,796,454
ATTAGAA	23	18,766,613
ATTATAA	35	19,259,064
ATTATCA	27	18,790,678
ATTATGA	33	18,790,198
ATTATTA	29	18,788,001
ATTCAAA	28	18,768,451
ATTCATA	33	18,802,920
ATTGAAA	18	18,804,917
ATTGATA	32	18,807,633
ATTGCAA	28	18,801,558
ATTGTAA	41	19,427,425
ATTGTTA	24	18,814,249
ATTTAAA	22	18,846,631
ATTTAAC	32	18,804,491
ATTTAAT	36	19,893,324
ATTTACA	34	18,694,718
ATTTAGA	34	18,912,838
ATTTATA	33	18,810,941
ATTTCAA	30	18,815,256
ATTTGAA	32	18,776,332
ATTTGTA	35	18,845,963
ATTTTAA	25	18,798,171
ATTTTCA	30	18,740,436
ATTTTGA	29	18,759,276
ATTTTTA	32	18,783,990
ATTTTTC	36	18,678,753
CAAAAAA	26	18,794,923
CAAAAGA	35	18,797,004
CAAAATA	42	19,161,237
CAAACAA	31	18,807,642
CAAAGAA	47	18,773,467
CAAATAA	30	19,134,028
CAAATGA	30	18,764,009
CAAATTA	34	19,470,067
CAACAAA	27	18,744,863
CAATAAA	35	18,748,174
CAATATA	33	18,804,862
CAATCAA	37	18,788,808
CAATTAA	28	19,336,474
CAATTGA	37	18,766,177
CAGAAGA	29	18,752,167
CATAAAA	39	18,775,746
CATAATA	31	18,740,013
CATATAA	34	18,812,767
CATCAAA	30	18,805,751
CATCTAA	32	18,701,455
CATTAAA	29	18,791,068
CATTCAA	29	18,723,945
CATTGAA	37	18,730,653
CATTTAA	31	18,811,361
CATTTGA	38	18,748,984
CATTTTA	44	18,792,086
CGGAAGA	6	18,797,230
CTAAAAA	36	18,791,395
CTAATAA	42	18,811,177
CTATAAA	27	18,803,111
CTATTAA	36	18,752,114
CTGAAAA	38	18,801,730
CTGCTGA	39	18,769,413
CTTAAAA	37	18,680,060
CTTATAC	37	18,716,446
CTTCAAA	41	18,799,708
CTTCTAA	37	18,737,611
CTTTAAA	29	18,797,146
CTTTATA	28	18,736,478
CTTTCAA	31	18,756,632
CTTTTAA	30	18,801,701
CTTTTTA	35	18,764,159
GAAAAAA	27	18,719,423
GAAAATA	31	18,739,148
GAAACAA	30	18,981,873
GAAAGAA	37	18,813,767
GAAATAA	34	18,721,915
GAAATTA	31	18,696,862
GAACAAA	32	18,717,672
GAAGAAA	33	19,330,267
GAAGAGC	18	18,760,674
GAATAAA	37	18,703,485
GAATTAA	35	19,249,798
GAGCACA	21	18,812,572
GAGCGTC	38	18,813,328
GATAAAA	34	18,750,689
GATAATA	36	18,666,457
GATATAA	32	18,803,861
GATATTA	34	18,815,953
GATCGGA	12	18,796,033
GATGAAA	35	18,763,635
GATGATA	33	18,754,629
GATTAAA	40	18,757,209
GATTCAA	35	18,693,196
GATTTAA	30	18,810,376
GATTTTA	37	19,801,726
GCAACAA	27	18,815,558
GCACACG	40	18,740,811
GCATTAA	31	18,795,653
GCTAAAA	34	18,747,811
GCTTTAA	33	18,713,148
GGAAGAG	20	18,749,889
GGTAAAA	32	18,787,396
GTAAAAA	36	18,666,575
GTAAATA	33	18,769,349
GTAATAA	34	18,761,318
GTATAAA	38	19,540,590
GTATTAA	32	18,757,725
GTATTTA	44	19,310,966
GTGAAAA	30	18,808,190
GTTAAAA	25	18,783,413
GTTAATA	32	18,900,854
GTTGAAA	27	18,783,741
GTTTAAA	35	18,807,992
GTTTCAA	34	18,809,980
GTTTTAA	21	18,792,247
GTTTTTA	34	18,751,067
TAAAAAA	25	18,813,111
TAAAAAC	30	18,782,819
TAAAAAT	29	18,804,255
TAAAACA	33	18,783,793
TAAAAGA	33	18,767,447
TAAAATA	27	18,731,922
TAAACAA	36	18,682,693
TAAACCA	28	18,762,779
TAAAGAA	25	18,736,818
TAAAGCA	30	18,719,281
TAAAGTA	35	18,804,884
TAAATAA	28	18,807,962
TAAATCA	30	18,784,019
TAAATGA	29	18,699,585
TAAATTA	23	18,809,190
TAACAAA	30	18,814,841
TAAGAAA	30	19,028,090
TAAGCTA	33	18,794,491
TAAGTAA	36	18,784,925
TAATAAA	31	18,738,602
TAATAAT	46	18,814,413
TAATACA	36	18,719,054
TAATATA	30	18,737,155
TAATCAA	31	18,764,184
TAATGAA	23	18,752,785
TAATGCA	33	18,812,826
TAATGTA	41	18,795,812
TAATTAA	32	18,739,889
TAATTCA	39	19,428,889
TAATTGA	27	18,806,254
TAATTTA	36	18,757,249
TACAAAA	34	18,701,781
TACAACA	33	18,769,453
TACATTA	44	18,814,964
TACTAAA	21	18,809,827
TACTTTA	32	18,729,414
TAGAAAA	32	18,776,520
TAGATAA	36	18,798,250
TAGATCG	32	18,777,975
TAGTAAA	35	18,781,423
TATAAAA	33	18,809,139
TATAACA	45	18,799,675
TATAATA	27	18,709,430
TATACAA	25	18,770,539
TATACAC	30	18,788,616
TATAGAA	35	18,768,168
TATATAA	31	18,784,276
TATATCA	30	18,768,940
TATATGA	36	18,793,902
TATATTA	36	20,404,965
TATCAAA	35	18,764,392
TATCTAA	35	18,697,350
TATGAAA	37	18,799,253
TATGATA	33	18,789,889
TATTAAA	22	18,774,243
TATTACA	35	18,802,489
TATTAGA	36	18,767,071
TATTATA	31	18,694,509
TATTCAA	28	18,781,831
TATTGAA	24	18,705,263
TATTTAA	33	18,780,881
TATTTCA	34	18,728,543
TATTTGA	37	19,001,549
TATTTTA	23	18,788,536
TATTTTC	36	18,686,809
TCAAAAA	40	18,770,064
TCAAACA	34	18,813,965
TCAAATA	35	18,754,531
TCAACAA	32	18,719,314
TCAAGCA	29	18,768,843
TCAATAA	42	18,741,217
TCAATCA	34	19,392,561
TCAATTA	42	18,761,459
TCATAAA	33	18,811,024
TCATCAA	32	18,733,559
TCATTAA	35	18,749,509
TCATTTA	37	18,689,196
TCGGAAG	27	18,781,441
TCTAAAA	39	18,761,373
TCTCTTA	35	18,732,193
TCTTAAA	33	18,782,021
TCTTATA	30	18,773,988
TCTTCAA	37	18,774,183
TCTTTAA	32	18,772,670
TCTTTTA	40	18,779,817
TGAAAAA	30	18,802,098
TGAAACA	29	18,813,642
TGAAATA	27	18,756,580
TGAACAA	36	18,742,862
TGAAGAA	30	18,754,038
TGAATAA	34	18,796,207
TGAATCA	25	18,746,125
TGAATTA	25	18,811,068
TGATAAA	29	18,784,845
TGATCAA	40	18,811,131
TGATGAA	32	18,798,607
TGATTAA	38	19,728,842
TGATTCA	28	18,804,261
TGATTTA	32	18,757,980
TGCAAAA	27	18,811,678
TGCCTAA	33	18,811,144
TGCTAAA	34	18,759,092
TGCTGAA	28	18,789,141
TGCTTTA	25	18,728,001
TGGAAAA	39	18,803,624
TGGTAAA	29	18,758,279
TGTAAAA	32	18,801,085
TGTAATA	31	18,759,264
TGTATAA	42	18,764,411
TGTATTA	31	18,775,686
TGTTAAA	28	18,771,301
TGTTCAA	27	18,792,019
TGTTGAA	24	18,683,379
TGTTTAA	38	18,791,224
TGTTTCA	27	18,729,409
TGTTTTA	35	18,669,963
TTAAAAA	26	18,782,166
TTAAAAC	30	18,789,024
TTAAAAG	32	18,686,540
TTAAAAT	37	18,811,763
TTAAACA	44	18,800,272
TTAAAGA	28	18,778,160
TTAAATA	29	18,783,410
TTAAATC	45	18,800,092
TTAACAA	38	18,802,801
TTAAGAA	37	18,683,126
TTAATAA	23	18,800,220
TTAATCA	39	18,794,467
TTAATGA	35	19,765,401
TTAATTA	36	18,708,538
TTACAAA	33	18,768,423
TTACTAA	37	18,728,558
TTAGAAA	35	18,783,927
TTAGATA	46	18,793,292
TTAGCAA	37	18,754,813
TTAGTAA	38	18,811,326
TTATAAA	41	18,798,854
TTATACA	27	18,798,254
TTATATA	29	18,807,745
TTATCAA	33	18,785,242
TTATGAA	38	18,734,818
TTATTAA	32	18,723,407
TTATTCA	39	18,788,790
TTATTGA	33	18,802,867
TTATTTA	28	18,811,491
TTCAAAA	31	18,735,506
TTCAACA	34	18,790,458
TTCAATA	34	18,751,120
TTCATAA	41	18,762,118
TTCATCA	30	18,744,812
TTCATTA	39	20,280,817
TTCTAAA	33	18,718,246
TTCTTAA	32	18,744,394
TTCTTCA	37	20,021,213
TTCTTTA	34	18,946,309
TTGAAAA	37	18,753,504
TTGAACA	35	18,686,331
TTGAAGA	38	18,769,484
TTGAATA	33	18,767,278
TTGATAA	28	20,623,351
TTGATGA	28	18,724,162
TTGATTA	31	19,692,197
TTGCAAA	34	18,748,403
TTGCTAA	34	18,743,679
TTGGTCA	33	18,750,277
TTGTAAA	35	18,807,820
TTGTTAA	35	18,747,754
TTGTTCA	32	18,791,065
TTGTTGA	37	18,727,170
TTGTTTA	29	18,752,220
TTTAAAA	19	18,813,833
TTTAAAG	34	18,804,445
TTTAAAT	32	18,810,784
TTTAACA	37	18,749,593
TTTAATA	29	18,723,000
TTTACAA	31	18,741,915
TTTACCA	37	18,801,360
TTTAGAA	37	18,767,891
TTTAGCA	35	18,787,828
TTTATAA	27	18,704,204
TTTATCA	32	18,813,143
TTTATGA	26	18,790,946
TTTATTA	29	18,805,109
TTTCAAA	27	18,715,640
TTTCAAG	37	18,708,129
TTTCATA	35	18,751,969
TTTCTAA	32	18,792,497
TTTGAAA	31	18,687,142
TTTGATA	27	18,744,408
TTTGTAA	36	18,740,804
TTTGTTA	29	18,785,711
TTTTAAA	16	18,780,212
TTTTAAC	39	18,729,710
TTTTAAT	28	18,762,074
TTTTACA	33	18,813,657
TTTTAGA	22	18,718,164
TTTTATA	33	18,753,763
TTTTCAA	22	18,760,454
TTTTCTA	35	18,767,107
TTTTGAA	22	18,782,170
TTTTGTA	43	18,789,974
TTTTTAA	17	18,812,731
TTTTTCA	20	18,796,830
TTTTTGA	32	18,785,583
TTTTTTA	32	18,805,514
TTTTTTC	31	18,675,028
